tipo,key_normalizada,mongo_existe,mongo_source,mongo_id,mongo_nombre,mongo_modulo,mongo_user,mongo_role,sql_existe,sql_source,sql_id,sql_nombre,sql_modulo,sql_user,sql_role,dictamen,accion_recomendada,riesgo,motivo
PERMISO,10_edarsa_go_cobros,False,,,,,,,True,dbo.Sistema_Modulos,,EDARSA GO / Cobros,10,,,SQL_EVOLUCIONADO_NO_EXISTIA_EN_MONGO,SIN_ACCION,BAJO,En SQL pero no en Mongo (evolución de SQL).
PERMISO,11_contabilidad,False,,,,,,,True,dbo.Sistema_Modulos,,Contabilidad,11,,,SQL_EVOLUCIONADO_NO_EXISTIA_EN_MONGO,SIN_ACCION,BAJO,En SQL pero no en Mongo (evolución de SQL).
PERMISO,12_recursos_humanos,False,,,,,,,True,dbo.Sistema_Modulos,,Recursos Humanos,12,,,SQL_EVOLUCIONADO_NO_EXISTIA_EN_MONGO,SIN_ACCION,BAJO,En SQL pero no en Mongo (evolución de SQL).
PERMISO,13_activos_fijos,False,,,,,,,True,dbo.Sistema_Modulos,,Activos Fijos,13,,,SQL_EVOLUCIONADO_NO_EXISTIA_EN_MONGO,SIN_ACCION,BAJO,En SQL pero no en Mongo (evolución de SQL).
PERMISO,14_crm_relaciones,False,,,,,,,True,dbo.Sistema_Modulos,,CRM / Relaciones,14,,,SQL_EVOLUCIONADO_NO_EXISTIA_EN_MONGO,SIN_ACCION,BAJO,En SQL pero no en Mongo (evolución de SQL).
PERMISO,15_comisiones,False,,,,,,,True,dbo.Sistema_Modulos,,Comisiones,15,,,SQL_EVOLUCIONADO_NO_EXISTIA_EN_MONGO,SIN_ACCION,BAJO,En SQL pero no en Mongo (evolución de SQL).
PERMISO,16_portal_de_proveedores,False,,,,,,,True,dbo.Sistema_Modulos,,Portal de Proveedores,16,,,SQL_EVOLUCIONADO_NO_EXISTIA_EN_MONGO,SIN_ACCION,BAJO,En SQL pero no en Mongo (evolución de SQL).
PERMISO,17_portal_de_comisionistas,False,,,,,,,True,dbo.Sistema_Modulos,,Portal de Comisionistas,17,,,SQL_EVOLUCIONADO_NO_EXISTIA_EN_MONGO,SIN_ACCION,BAJO,En SQL pero no en Mongo (evolución de SQL).
PERMISO,18_portal_de_clientes,False,,,,,,,True,dbo.Sistema_Modulos,,Portal de Clientes,18,,,SQL_EVOLUCIONADO_NO_EXISTIA_EN_MONGO,SIN_ACCION,BAJO,En SQL pero no en Mongo (evolución de SQL).
PERMISO,19_chef_ia_calidad,False,,,,,,,True,dbo.Sistema_Modulos,,Chef IA / Calidad,19,,,SQL_EVOLUCIONADO_NO_EXISTIA_EN_MONGO,SIN_ACCION,BAJO,En SQL pero no en Mongo (evolución de SQL).
PERMISO,1_direccion_tablero_ejecutivo,False,,,,,,,True,dbo.Sistema_Modulos,,Dirección / Tablero Ejecutivo,1,,,SQL_EVOLUCIONADO_NO_EXISTIA_EN_MONGO,SIN_ACCION,BAJO,En SQL pero no en Mongo (evolución de SQL).
PERMISO,20_inteligencia_artificial,False,,,,,,,True,dbo.Sistema_Modulos,,Inteligencia Artificial,20,,,SQL_EVOLUCIONADO_NO_EXISTIA_EN_MONGO,SIN_ACCION,BAJO,En SQL pero no en Mongo (evolución de SQL).
PERMISO,21_calidad_auditoria,False,,,,,,,True,dbo.Sistema_Modulos,,Calidad / Auditoría,21,,,SQL_EVOLUCIONADO_NO_EXISTIA_EN_MONGO,SIN_ACCION,BAJO,En SQL pero no en Mongo (evolución de SQL).
PERMISO,22_proyectos_tareas,False,,,,,,,True,dbo.Sistema_Modulos,,Proyectos / Tareas,22,,,SQL_EVOLUCIONADO_NO_EXISTIA_EN_MONGO,SIN_ACCION,BAJO,En SQL pero no en Mongo (evolución de SQL).
PERMISO,23_marketing,False,,,,,,,True,dbo.Sistema_Modulos,,Marketing,23,,,SQL_EVOLUCIONADO_NO_EXISTIA_EN_MONGO,SIN_ACCION,BAJO,En SQL pero no en Mongo (evolución de SQL).
PERMISO,24_reportes_bi_analitica,False,,,,,,,True,dbo.Sistema_Modulos,,Reportes BI / Analítica,24,,,SQL_EVOLUCIONADO_NO_EXISTIA_EN_MONGO,SIN_ACCION,BAJO,En SQL pero no en Mongo (evolución de SQL).
PERMISO,25_integraciones_conectores,False,,,,,,,True,dbo.Sistema_Modulos,,Integraciones / Conectores,25,,,SQL_EVOLUCIONADO_NO_EXISTIA_EN_MONGO,SIN_ACCION,BAJO,En SQL pero no en Mongo (evolución de SQL).
PERMISO,26_catalogos_maestros,False,,,,,,,True,dbo.Sistema_Modulos,,Catálogos Maestros,26,,,SQL_EVOLUCIONADO_NO_EXISTIA_EN_MONGO,SIN_ACCION,BAJO,En SQL pero no en Mongo (evolución de SQL).
PERMISO,27_administracion_sistema,False,,,,,,,True,dbo.Sistema_Modulos,,Administración Sistema,27,,,SQL_EVOLUCIONADO_NO_EXISTIA_EN_MONGO,SIN_ACCION,BAJO,En SQL pero no en Mongo (evolución de SQL).
PERMISO,28_punto_de_venta_generico,False,,,,,,,True,dbo.Sistema_Modulos,,Punto de Venta Genérico,28,,,SQL_EVOLUCIONADO_NO_EXISTIA_EN_MONGO,SIN_ACCION,BAJO,En SQL pero no en Mongo (evolución de SQL).
PERMISO,2_comercial_ventas,False,,,,,,,True,dbo.Sistema_Modulos,,Comercial / Ventas,2,,,SQL_EVOLUCIONADO_NO_EXISTIA_EN_MONGO,SIN_ACCION,BAJO,En SQL pero no en Mongo (evolución de SQL).
PERMISO,3_comandero_restaurantero,False,,,,,,,True,dbo.Sistema_Modulos,,Comandero Restaurantero,3,,,SQL_EVOLUCIONADO_NO_EXISTIA_EN_MONGO,SIN_ACCION,BAJO,En SQL pero no en Mongo (evolución de SQL).
PERMISO,4_compras,False,,,,,,,True,dbo.Sistema_Modulos,,Compras,4,,,SQL_EVOLUCIONADO_NO_EXISTIA_EN_MONGO,SIN_ACCION,BAJO,En SQL pero no en Mongo (evolución de SQL).
PERMISO,5_inventarios_operaciones,False,,,,,,,True,dbo.Sistema_Modulos,,Inventarios / Operaciones,5,,,SQL_EVOLUCIONADO_NO_EXISTIA_EN_MONGO,SIN_ACCION,BAJO,En SQL pero no en Mongo (evolución de SQL).
PERMISO,69e75f79e288072c3af9ed91,True,edarsa_hub.permisos_catalogos,69e75f79e288072c3af9ed91,,,,,False,,,,,,,POSIBLE_FALTANTE_SQL,REVISION_MANUAL_NO_MIGRAR_EN_BLOQUE,MEDIO_ALTO,En Mongo pero sin equivalente normalizado en SQL.
PERMISO,69e760abe288072c3af9ee41,True,edarsa_hub.permisos_catalogos,69e760abe288072c3af9ee41,,,,,False,,,,,,,POSIBLE_FALTANTE_SQL,REVISION_MANUAL_NO_MIGRAR_EN_BLOQUE,MEDIO_ALTO,En Mongo pero sin equivalente normalizado en SQL.
PERMISO,69e760bae288072c3af9ee52,True,edarsa_hub.permisos_catalogos,69e760bae288072c3af9ee52,,,,,False,,,,,,,POSIBLE_FALTANTE_SQL,REVISION_MANUAL_NO_MIGRAR_EN_BLOQUE,MEDIO_ALTO,En Mongo pero sin equivalente normalizado en SQL.
PERMISO,69e760cfe288072c3af9ee65,True,edarsa_hub.permisos_catalogos,69e760cfe288072c3af9ee65,,,,,False,,,,,,,POSIBLE_FALTANTE_SQL,REVISION_MANUAL_NO_MIGRAR_EN_BLOQUE,MEDIO_ALTO,En Mongo pero sin equivalente normalizado en SQL.
PERMISO,69e765afe288072c3afa0e48,True,edarsa_hub.permisos_catalogos,69e765afe288072c3afa0e48,,,,,False,,,,,,,POSIBLE_FALTANTE_SQL,REVISION_MANUAL_NO_MIGRAR_EN_BLOQUE,MEDIO_ALTO,En Mongo pero sin equivalente normalizado en SQL.
PERMISO,69e7661ae288072c3afa163d,True,edarsa_hub.permisos_catalogos,69e7661ae288072c3afa163d,,,,,False,,,,,,,POSIBLE_FALTANTE_SQL,REVISION_MANUAL_NO_MIGRAR_EN_BLOQUE,MEDIO_ALTO,En Mongo pero sin equivalente normalizado en SQL.
PERMISO,69e76628e288072c3afa176d,True,edarsa_hub.permisos_catalogos,69e76628e288072c3afa176d,,,,,False,,,,,,,POSIBLE_FALTANTE_SQL,REVISION_MANUAL_NO_MIGRAR_EN_BLOQUE,MEDIO_ALTO,En Mongo pero sin equivalente normalizado en SQL.
PERMISO,69e90ae4f646e5db59dd5c47,True,edarsa_hub.permisos_catalogos,69e90ae4f646e5db59dd5c47,,,,,False,,,,,,,POSIBLE_FALTANTE_SQL,REVISION_MANUAL_NO_MIGRAR_EN_BLOQUE,MEDIO_ALTO,En Mongo pero sin equivalente normalizado en SQL.
PERMISO,6_tablajeria_produccion,False,,,,,,,True,dbo.Sistema_Modulos,,Tablajería / Producción,6,,,SQL_EVOLUCIONADO_NO_EXISTIA_EN_MONGO,SIN_ACCION,BAJO,En SQL pero no en Mongo (evolución de SQL).
PERMISO,7_cava_de_socios,False,,,,,,,True,dbo.Sistema_Modulos,,Cava de Socios,7,,,SQL_EVOLUCIONADO_NO_EXISTIA_EN_MONGO,SIN_ACCION,BAJO,En SQL pero no en Mongo (evolución de SQL).
PERMISO,8_finanzas,False,,,,,,,True,dbo.Sistema_Modulos,,Finanzas,8,,,SQL_EVOLUCIONADO_NO_EXISTIA_EN_MONGO,SIN_ACCION,BAJO,En SQL pero no en Mongo (evolución de SQL).
PERMISO,9_host_to_host_bancario,False,,,,,,,True,dbo.Sistema_Modulos,,Host to Host Bancario,9,,,SQL_EVOLUCIONADO_NO_EXISTIA_EN_MONGO,SIN_ACCION,BAJO,En SQL pero no en Mongo (evolución de SQL).
PERMISO,admin_admin_configurar,False,,,,,,,True,dbo.RBAC_Permisos,d192a611-c70f-45cc-b8a6-81c9c7292f81,admin.configurar,Admin,,,SQL_EVOLUCIONADO_NO_EXISTIA_EN_MONGO,SIN_ACCION,BAJO,En SQL pero no en Mongo (evolución de SQL).
PERMISO,auditoria_auditoria_informes_crear,True,edarsa_hub.sec_permisos_catalogo,69e70939d92aa50ec386f90a,AUDITORIA_INFORMES_CREAR,auditoria,,,False,,,,,,,POSIBLE_FALTANTE_SQL,REVISION_MANUAL_NO_MIGRAR_EN_BLOQUE,MEDIO_ALTO,En Mongo pero sin equivalente normalizado en SQL.
PERMISO,auditoria_auditoria_informes_gestionar,True,edarsa_hub.sec_permisos_catalogo,69e70939d92aa50ec386f90b,AUDITORIA_INFORMES_GESTIONAR,auditoria,,,False,,,,,,,POSIBLE_FALTANTE_SQL,REVISION_MANUAL_NO_MIGRAR_EN_BLOQUE,MEDIO_ALTO,En Mongo pero sin equivalente normalizado en SQL.
PERMISO,auditoria_auditoria_informes_ver,True,edarsa_hub.sec_permisos_catalogo,69e70939d92aa50ec386f909,AUDITORIA_INFORMES_VER,auditoria,,,False,,,,,,,POSIBLE_FALTANTE_SQL,REVISION_MANUAL_NO_MIGRAR_EN_BLOQUE,MEDIO_ALTO,En Mongo pero sin equivalente normalizado en SQL.
PERMISO,auditoria_auditoria_programar,True,edarsa_hub.sec_permisos_catalogo,69e70939d92aa50ec386f90c,AUDITORIA_PROGRAMAR,auditoria,,,False,,,,,,,POSIBLE_FALTANTE_SQL,REVISION_MANUAL_NO_MIGRAR_EN_BLOQUE,MEDIO_ALTO,En Mongo pero sin equivalente normalizado en SQL.
PERMISO,auditorias_auditoria_gestionar,True,edarsa_hub.rbac_permisos,69e42eedfb75b19aabd0acd3,AUDITORIA_GESTIONAR,auditorias,,,False,,,,,,,POSIBLE_FALTANTE_SQL,REVISION_MANUAL_NO_MIGRAR_EN_BLOQUE,MEDIO_ALTO,En Mongo pero sin equivalente normalizado en SQL.
PERMISO,auditorias_auditoria_programar,True,edarsa_hub.rbac_permisos,69e42eedfb75b19aabd0acd2,AUDITORIA_PROGRAMAR,auditorias,,,False,,,,,,,POSIBLE_FALTANTE_SQL,REVISION_MANUAL_NO_MIGRAR_EN_BLOQUE,MEDIO_ALTO,En Mongo pero sin equivalente normalizado en SQL.
PERMISO,auditorias_auditoria_ver,True,edarsa_hub.rbac_permisos,69e42eedfb75b19aabd0acd1,AUDITORIA_VER,auditorias,,,False,,,,,,,POSIBLE_FALTANTE_SQL,REVISION_MANUAL_NO_MIGRAR_EN_BLOQUE,MEDIO_ALTO,En Mongo pero sin equivalente normalizado en SQL.
PERMISO,auth_rbac_admin,True,edarsa_hub.rbac_permisos,69e42eedfb75b19aabd0acdc,RBAC_ADMIN,auth,,,False,,,,,,,POSIBLE_FALTANTE_SQL,REVISION_MANUAL_NO_MIGRAR_EN_BLOQUE,MEDIO_ALTO,En Mongo pero sin equivalente normalizado en SQL.
PERMISO,auth_roles_gestionar,True,edarsa_hub.rbac_permisos,69e42eedfb75b19aabd0acdb,ROLES_GESTIONAR,auth,,,False,,,,,,,POSIBLE_FALTANTE_SQL,REVISION_MANUAL_NO_MIGRAR_EN_BLOQUE,MEDIO_ALTO,En Mongo pero sin equivalente normalizado en SQL.
PERMISO,auth_roles_ver,True,edarsa_hub.rbac_permisos,69e42eedfb75b19aabd0acda,ROLES_VER,auth,,,False,,,,,,,POSIBLE_FALTANTE_SQL,REVISION_MANUAL_NO_MIGRAR_EN_BLOQUE,MEDIO_ALTO,En Mongo pero sin equivalente normalizado en SQL.
PERMISO,auth_usuarios_gestionar,True,edarsa_hub.rbac_permisos,69e42eedfb75b19aabd0acd9,USUARIOS_GESTIONAR,auth,,,False,,,,,,,POSIBLE_FALTANTE_SQL,REVISION_MANUAL_NO_MIGRAR_EN_BLOQUE,MEDIO_ALTO,En Mongo pero sin equivalente normalizado en SQL.
PERMISO,auth_usuarios_ver,True,edarsa_hub.rbac_permisos,69e42eedfb75b19aabd0acd8,USUARIOS_VER,auth,,,False,,,,,,,POSIBLE_FALTANTE_SQL,REVISION_MANUAL_NO_MIGRAR_EN_BLOQUE,MEDIO_ALTO,En Mongo pero sin equivalente normalizado en SQL.
PERMISO,cargos_cargos_aplicar,True,edarsa_hub.rbac_permisos,69e42eedfb75b19aabd0acb5,CARGOS_APLICAR,cargos,,,False,,,,,,,POSIBLE_FALTANTE_SQL,REVISION_MANUAL_NO_MIGRAR_EN_BLOQUE,MEDIO_ALTO,En Mongo pero sin equivalente normalizado en SQL.
PERMISO,cargos_cargos_autorizar,True,edarsa_hub.rbac_permisos,69e42eedfb75b19aabd0acb4,CARGOS_AUTORIZAR,cargos,,,False,,,,,,,POSIBLE_FALTANTE_SQL,REVISION_MANUAL_NO_MIGRAR_EN_BLOQUE,MEDIO_ALTO,En Mongo pero sin equivalente normalizado en SQL.
PERMISO,cargos_cargos_cancelar,True,edarsa_hub.rbac_permisos,69e42eedfb75b19aabd0acb8,CARGOS_CANCELAR,cargos,,,False,,,,,,,POSIBLE_FALTANTE_SQL,REVISION_MANUAL_NO_MIGRAR_EN_BLOQUE,MEDIO_ALTO,En Mongo pero sin equivalente normalizado en SQL.
PERMISO,cargos_cargos_crear,True,edarsa_hub.rbac_permisos,69e42eedfb75b19aabd0acb3,CARGOS_CREAR,cargos,,,False,,,,,,,POSIBLE_FALTANTE_SQL,REVISION_MANUAL_NO_MIGRAR_EN_BLOQUE,MEDIO_ALTO,En Mongo pero sin equivalente normalizado en SQL.
PERMISO,cargos_cargos_rechazar,True,edarsa_hub.rbac_permisos,69e42eedfb75b19aabd0acb6,CARGOS_RECHAZAR,cargos,,,False,,,,,,,POSIBLE_FALTANTE_SQL,REVISION_MANUAL_NO_MIGRAR_EN_BLOQUE,MEDIO_ALTO,En Mongo pero sin equivalente normalizado en SQL.
PERMISO,cargos_cargos_revertir,True,edarsa_hub.rbac_permisos,69e42eedfb75b19aabd0acb7,CARGOS_REVERTIR,cargos,,,False,,,,,,,POSIBLE_FALTANTE_SQL,REVISION_MANUAL_NO_MIGRAR_EN_BLOQUE,MEDIO_ALTO,En Mongo pero sin equivalente normalizado en SQL.
PERMISO,cargos_cargos_ver,True,edarsa_hub.rbac_permisos,69e42eedfb75b19aabd0acb2,CARGOS_VER,cargos,,,False,,,,,,,POSIBLE_FALTANTE_SQL,REVISION_MANUAL_NO_MIGRAR_EN_BLOQUE,MEDIO_ALTO,En Mongo pero sin equivalente normalizado en SQL.
PERMISO,comercial_comercial_dashboard_ver,True,edarsa_hub.sec_permisos_catalogo,69e70939d92aa50ec386f8b8,COMERCIAL_DASHBOARD_VER,comercial,,,False,,,,,,,POSIBLE_FALTANTE_SQL,REVISION_MANUAL_NO_MIGRAR_EN_BLOQUE,MEDIO_ALTO,En Mongo pero sin equivalente normalizado en SQL.
PERMISO,comercial_comercial_exportar,False,,,,,,,True,dbo.RBAC_Permisos,2d9c0a93-b4de-493c-84d0-6e9f5ca90213,comercial.exportar,Comercial,,,SQL_EVOLUCIONADO_NO_EXISTIA_EN_MONGO,SIN_ACCION,BAJO,En SQL pero no en Mongo (evolución de SQL).
PERMISO,comercial_comercial_metas_editar,True,edarsa_hub.sec_permisos_catalogo,69e70939d92aa50ec386f8ba,COMERCIAL_METAS_EDITAR,comercial,,,False,,,,,,,POSIBLE_FALTANTE_SQL,REVISION_MANUAL_NO_MIGRAR_EN_BLOQUE,MEDIO_ALTO,En Mongo pero sin equivalente normalizado en SQL.
PERMISO,comercial_comercial_metas_ver,True,edarsa_hub.sec_permisos_catalogo,69e70939d92aa50ec386f8b9,COMERCIAL_METAS_VER,comercial,,,False,,,,,,,POSIBLE_FALTANTE_SQL,REVISION_MANUAL_NO_MIGRAR_EN_BLOQUE,MEDIO_ALTO,En Mongo pero sin equivalente normalizado en SQL.
PERMISO,comercial_comercial_pax_ver,True,edarsa_hub.sec_permisos_catalogo,69e70939d92aa50ec386f8be,COMERCIAL_PAX_VER,comercial,,,False,,,,,,,POSIBLE_FALTANTE_SQL,REVISION_MANUAL_NO_MIGRAR_EN_BLOQUE,MEDIO_ALTO,En Mongo pero sin equivalente normalizado en SQL.
PERMISO,comercial_comercial_tablero_ver,True,edarsa_hub.sec_permisos_catalogo,69e70939d92aa50ec386f8b7,COMERCIAL_TABLERO_VER,comercial,,,False,,,,,,,POSIBLE_FALTANTE_SQL,REVISION_MANUAL_NO_MIGRAR_EN_BLOQUE,MEDIO_ALTO,En Mongo pero sin equivalente normalizado en SQL.
PERMISO,comercial_comercial_ticket_ver,True,edarsa_hub.sec_permisos_catalogo,69e70939d92aa50ec386f8bb,COMERCIAL_TICKET_VER,comercial,,,False,,,,,,,POSIBLE_FALTANTE_SQL,REVISION_MANUAL_NO_MIGRAR_EN_BLOQUE,MEDIO_ALTO,En Mongo pero sin equivalente normalizado en SQL.
PERMISO,comercial_comercial_ventas_exportar,True,edarsa_hub.sec_permisos_catalogo,69e70939d92aa50ec386f8bd,COMERCIAL_VENTAS_EXPORTAR,comercial,,,False,,,,,,,POSIBLE_FALTANTE_SQL,REVISION_MANUAL_NO_MIGRAR_EN_BLOQUE,MEDIO_ALTO,En Mongo pero sin equivalente normalizado en SQL.
PERMISO,comercial_comercial_ventas_ver,True,edarsa_hub.sec_permisos_catalogo,69e70939d92aa50ec386f8bc,COMERCIAL_VENTAS_VER,comercial,,,False,,,,,,,POSIBLE_FALTANTE_SQL,REVISION_MANUAL_NO_MIGRAR_EN_BLOQUE,MEDIO_ALTO,En Mongo pero sin equivalente normalizado en SQL.
PERMISO,comercial_comercial_ver,False,,,,,,,True,dbo.RBAC_Permisos,fabe2faa-f2b6-42b2-a875-38b7b9e94c79,comercial.ver,Comercial,,,SQL_EVOLUCIONADO_NO_EXISTIA_EN_MONGO,SIN_ACCION,BAJO,En SQL pero no en Mongo (evolución de SQL).
PERMISO,compras_compras_analisis_ver,True,edarsa_hub.sec_permisos_catalogo,69e70939d92aa50ec386f8c0,COMPRAS_ANALISIS_VER,compras,,,False,,,,,,,POSIBLE_FALTANTE_SQL,REVISION_MANUAL_NO_MIGRAR_EN_BLOQUE,MEDIO_ALTO,En Mongo pero sin equivalente normalizado en SQL.
PERMISO,compras_compras_dashboard_ver,True,edarsa_hub.sec_permisos_catalogo,69e70939d92aa50ec386f8bf,COMPRAS_DASHBOARD_VER,compras,,,False,,,,,,,POSIBLE_FALTANTE_SQL,REVISION_MANUAL_NO_MIGRAR_EN_BLOQUE,MEDIO_ALTO,En Mongo pero sin equivalente normalizado en SQL.
PERMISO,compras_compras_detector_ejecutar,True,edarsa_hub.sec_permisos_catalogo,69e70939d92aa50ec386f8c1,COMPRAS_DETECTOR_EJECUTAR,compras,,,False,,,,,,,POSIBLE_FALTANTE_SQL,REVISION_MANUAL_NO_MIGRAR_EN_BLOQUE,MEDIO_ALTO,En Mongo pero sin equivalente normalizado en SQL.
PERMISO,compras_compras_gerencia_autorizar,True,edarsa_hub.sec_permisos_catalogo,69e70939d92aa50ec386f8c5,COMPRAS_GERENCIA_AUTORIZAR,compras,,,False,,,,,,,POSIBLE_FALTANTE_SQL,REVISION_MANUAL_NO_MIGRAR_EN_BLOQUE,MEDIO_ALTO,En Mongo pero sin equivalente normalizado en SQL.
PERMISO,compras_compras_parametros_editar,True,edarsa_hub.sec_permisos_catalogo,69e70939d92aa50ec386f8c8,COMPRAS_PARAMETROS_EDITAR,compras,,,False,,,,,,,POSIBLE_FALTANTE_SQL,REVISION_MANUAL_NO_MIGRAR_EN_BLOQUE,MEDIO_ALTO,En Mongo pero sin equivalente normalizado en SQL.
PERMISO,compras_compras_parametros_ver,True,edarsa_hub.sec_permisos_catalogo,69e70939d92aa50ec386f8c7,COMPRAS_PARAMETROS_VER,compras,,,False,,,,,,,POSIBLE_FALTANTE_SQL,REVISION_MANUAL_NO_MIGRAR_EN_BLOQUE,MEDIO_ALTO,En Mongo pero sin equivalente normalizado en SQL.
PERMISO,compras_compras_tareas_asignar,True,edarsa_hub.sec_permisos_catalogo,69e70939d92aa50ec386f8c4,COMPRAS_TAREAS_ASIGNAR,compras,,,False,,,,,,,POSIBLE_FALTANTE_SQL,REVISION_MANUAL_NO_MIGRAR_EN_BLOQUE,MEDIO_ALTO,En Mongo pero sin equivalente normalizado en SQL.
PERMISO,compras_compras_tareas_crear,True,edarsa_hub.sec_permisos_catalogo,69e70939d92aa50ec386f8c3,COMPRAS_TAREAS_CREAR,compras,,,False,,,,,,,POSIBLE_FALTANTE_SQL,REVISION_MANUAL_NO_MIGRAR_EN_BLOQUE,MEDIO_ALTO,En Mongo pero sin equivalente normalizado en SQL.
PERMISO,compras_compras_tareas_ver,True,edarsa_hub.sec_permisos_catalogo,69e70939d92aa50ec386f8c2,COMPRAS_TAREAS_VER,compras,,,False,,,,,,,POSIBLE_FALTANTE_SQL,REVISION_MANUAL_NO_MIGRAR_EN_BLOQUE,MEDIO_ALTO,En Mongo pero sin equivalente normalizado en SQL.
PERMISO,compras_compras_tesoreria_autorizar,True,edarsa_hub.sec_permisos_catalogo,69e70939d92aa50ec386f8c6,COMPRAS_TESORERIA_AUTORIZAR,compras,,,False,,,,,,,POSIBLE_FALTANTE_SQL,REVISION_MANUAL_NO_MIGRAR_EN_BLOQUE,MEDIO_ALTO,En Mongo pero sin equivalente normalizado en SQL.
PERMISO,compras_compras_ver,False,,,,,,,True,dbo.RBAC_Permisos,c4d415ef-14fc-486e-804e-56a2ce9b1e36,compras.ver,Compras,,,SQL_EVOLUCIONADO_NO_EXISTIA_EN_MONGO,SIN_ACCION,BAJO,En SQL pero no en Mongo (evolución de SQL).
PERMISO,configuracion_config_editar,True,edarsa_hub.rbac_permisos,69e42eedfb75b19aabd0acd7,CONFIG_EDITAR,configuracion,,,False,,,,,,,POSIBLE_FALTANTE_SQL,REVISION_MANUAL_NO_MIGRAR_EN_BLOQUE,MEDIO_ALTO,En Mongo pero sin equivalente normalizado en SQL.
PERMISO,configuracion_config_ver,True,edarsa_hub.rbac_permisos,69e42eedfb75b19aabd0acd6,CONFIG_VER,configuracion,,,False,,,,,,,POSIBLE_FALTANTE_SQL,REVISION_MANUAL_NO_MIGRAR_EN_BLOQUE,MEDIO_ALTO,En Mongo pero sin equivalente normalizado en SQL.
PERMISO,finanzas_finanzas_cargos_aplicar,True,edarsa_hub.sec_permisos_catalogo,69e70939d92aa50ec386f8d4,FINANZAS_CARGOS_APLICAR,finanzas,,,False,,,,,,,POSIBLE_FALTANTE_SQL,REVISION_MANUAL_NO_MIGRAR_EN_BLOQUE,MEDIO_ALTO,En Mongo pero sin equivalente normalizado en SQL.
PERMISO,finanzas_finanzas_cargos_autorizar,True,edarsa_hub.sec_permisos_catalogo,69e70939d92aa50ec386f8d3,FINANZAS_CARGOS_AUTORIZAR,finanzas,,,False,,,,,,,POSIBLE_FALTANTE_SQL,REVISION_MANUAL_NO_MIGRAR_EN_BLOQUE,MEDIO_ALTO,En Mongo pero sin equivalente normalizado en SQL.
PERMISO,finanzas_finanzas_cargos_crear,True,edarsa_hub.sec_permisos_catalogo,69e70939d92aa50ec386f8d2,FINANZAS_CARGOS_CREAR,finanzas,,,False,,,,,,,POSIBLE_FALTANTE_SQL,REVISION_MANUAL_NO_MIGRAR_EN_BLOQUE,MEDIO_ALTO,En Mongo pero sin equivalente normalizado en SQL.
PERMISO,finanzas_finanzas_cargos_rechazar,True,edarsa_hub.sec_permisos_catalogo,69e70939d92aa50ec386f8d5,FINANZAS_CARGOS_RECHAZAR,finanzas,,,False,,,,,,,POSIBLE_FALTANTE_SQL,REVISION_MANUAL_NO_MIGRAR_EN_BLOQUE,MEDIO_ALTO,En Mongo pero sin equivalente normalizado en SQL.
PERMISO,finanzas_finanzas_cargos_revertir,True,edarsa_hub.sec_permisos_catalogo,69e70939d92aa50ec386f8d6,FINANZAS_CARGOS_REVERTIR,finanzas,,,False,,,,,,,POSIBLE_FALTANTE_SQL,REVISION_MANUAL_NO_MIGRAR_EN_BLOQUE,MEDIO_ALTO,En Mongo pero sin equivalente normalizado en SQL.
PERMISO,finanzas_finanzas_cargos_ver,True,edarsa_hub.sec_permisos_catalogo,69e70939d92aa50ec386f8d1,FINANZAS_CARGOS_VER,finanzas,,,False,,,,,,,POSIBLE_FALTANTE_SQL,REVISION_MANUAL_NO_MIGRAR_EN_BLOQUE,MEDIO_ALTO,En Mongo pero sin equivalente normalizado en SQL.
PERMISO,finanzas_finanzas_dashboard_ver,True,edarsa_hub.sec_permisos_catalogo,69e70939d92aa50ec386f8d0,FINANZAS_DASHBOARD_VER,finanzas,,,False,,,,,,,POSIBLE_FALTANTE_SQL,REVISION_MANUAL_NO_MIGRAR_EN_BLOQUE,MEDIO_ALTO,En Mongo pero sin equivalente normalizado en SQL.
PERMISO,finanzas_finanzas_presupuestos_editar,True,edarsa_hub.sec_permisos_catalogo,69e70939d92aa50ec386f8db,FINANZAS_PRESUPUESTOS_EDITAR,finanzas,,,False,,,,,,,POSIBLE_FALTANTE_SQL,REVISION_MANUAL_NO_MIGRAR_EN_BLOQUE,MEDIO_ALTO,En Mongo pero sin equivalente normalizado en SQL.
PERMISO,finanzas_finanzas_presupuestos_ver,True,edarsa_hub.sec_permisos_catalogo,69e70939d92aa50ec386f8da,FINANZAS_PRESUPUESTOS_VER,finanzas,,,False,,,,,,,POSIBLE_FALTANTE_SQL,REVISION_MANUAL_NO_MIGRAR_EN_BLOQUE,MEDIO_ALTO,En Mongo pero sin equivalente normalizado en SQL.
PERMISO,finanzas_finanzas_propinas_editar,True,edarsa_hub.sec_permisos_catalogo,69e70939d92aa50ec386f8dd,FINANZAS_PROPINAS_EDITAR,finanzas,,,False,,,,,,,POSIBLE_FALTANTE_SQL,REVISION_MANUAL_NO_MIGRAR_EN_BLOQUE,MEDIO_ALTO,En Mongo pero sin equivalente normalizado en SQL.
PERMISO,finanzas_finanzas_propinas_ver,True,edarsa_hub.sec_permisos_catalogo,69e70939d92aa50ec386f8dc,FINANZAS_PROPINAS_VER,finanzas,,,False,,,,,,,POSIBLE_FALTANTE_SQL,REVISION_MANUAL_NO_MIGRAR_EN_BLOQUE,MEDIO_ALTO,En Mongo pero sin equivalente normalizado en SQL.
PERMISO,finanzas_finanzas_responsabilidad_aprobar,True,edarsa_hub.sec_permisos_catalogo,69e70939d92aa50ec386f8d9,FINANZAS_RESPONSABILIDAD_APROBAR,finanzas,,,False,,,,,,,POSIBLE_FALTANTE_SQL,REVISION_MANUAL_NO_MIGRAR_EN_BLOQUE,MEDIO_ALTO,En Mongo pero sin equivalente normalizado en SQL.
PERMISO,finanzas_finanzas_responsabilidad_calcular,True,edarsa_hub.sec_permisos_catalogo,69e70939d92aa50ec386f8d8,FINANZAS_RESPONSABILIDAD_CALCULAR,finanzas,,,False,,,,,,,POSIBLE_FALTANTE_SQL,REVISION_MANUAL_NO_MIGRAR_EN_BLOQUE,MEDIO_ALTO,En Mongo pero sin equivalente normalizado en SQL.
PERMISO,finanzas_finanzas_responsabilidad_ver,True,edarsa_hub.sec_permisos_catalogo,69e70939d92aa50ec386f8d7,FINANZAS_RESPONSABILIDAD_VER,finanzas,,,False,,,,,,,POSIBLE_FALTANTE_SQL,REVISION_MANUAL_NO_MIGRAR_EN_BLOQUE,MEDIO_ALTO,En Mongo pero sin equivalente normalizado en SQL.
PERMISO,finanzas_finanzas_ver,False,,,,,,,True,dbo.RBAC_Permisos,ba14ce72-b059-405b-8dc5-668904ebb060,finanzas.ver,Finanzas,,,SQL_EVOLUCIONADO_NO_EXISTIA_EN_MONGO,SIN_ACCION,BAJO,En SQL pero no en Mongo (evolución de SQL).
PERMISO,inventarios_inventarios_analisis_ejecutar,True,edarsa_hub.sec_permisos_catalogo,69e70939d92aa50ec386f8cb,INVENTARIOS_ANALISIS_EJECUTAR,inventarios,,,False,,,,,,,POSIBLE_FALTANTE_SQL,REVISION_MANUAL_NO_MIGRAR_EN_BLOQUE,MEDIO_ALTO,En Mongo pero sin equivalente normalizado en SQL.
PERMISO,inventarios_inventarios_analisis_ver,True,edarsa_hub.sec_permisos_catalogo,69e70939d92aa50ec386f8ca,INVENTARIOS_ANALISIS_VER,inventarios,,,False,,,,,,,POSIBLE_FALTANTE_SQL,REVISION_MANUAL_NO_MIGRAR_EN_BLOQUE,MEDIO_ALTO,En Mongo pero sin equivalente normalizado en SQL.
PERMISO,inventarios_inventarios_dashboard_ver,True,edarsa_hub.sec_permisos_catalogo,69e70939d92aa50ec386f8c9,INVENTARIOS_DASHBOARD_VER,inventarios,,,False,,,,,,,POSIBLE_FALTANTE_SQL,REVISION_MANUAL_NO_MIGRAR_EN_BLOQUE,MEDIO_ALTO,En Mongo pero sin equivalente normalizado en SQL.
PERMISO,inventarios_inventarios_diferencias_ver,True,edarsa_hub.sec_permisos_catalogo,69e70939d92aa50ec386f8cc,INVENTARIOS_DIFERENCIAS_VER,inventarios,,,False,,,,,,,POSIBLE_FALTANTE_SQL,REVISION_MANUAL_NO_MIGRAR_EN_BLOQUE,MEDIO_ALTO,En Mongo pero sin equivalente normalizado en SQL.
PERMISO,inventarios_inventarios_exportar,True,edarsa_hub.sec_permisos_catalogo,69e70939d92aa50ec386f8cf,INVENTARIOS_EXPORTAR,inventarios,,,False,,,,,,,POSIBLE_FALTANTE_SQL,REVISION_MANUAL_NO_MIGRAR_EN_BLOQUE,MEDIO_ALTO,En Mongo pero sin equivalente normalizado en SQL.
PERMISO,inventarios_inventarios_justificaciones_crear,True,edarsa_hub.sec_permisos_catalogo,69e70939d92aa50ec386f8ce,INVENTARIOS_JUSTIFICACIONES_CREAR,inventarios,,,False,,,,,,,POSIBLE_FALTANTE_SQL,REVISION_MANUAL_NO_MIGRAR_EN_BLOQUE,MEDIO_ALTO,En Mongo pero sin equivalente normalizado en SQL.
PERMISO,inventarios_inventarios_justificaciones_ver,True,edarsa_hub.sec_permisos_catalogo,69e70939d92aa50ec386f8cd,INVENTARIOS_JUSTIFICACIONES_VER,inventarios,,,False,,,,,,,POSIBLE_FALTANTE_SQL,REVISION_MANUAL_NO_MIGRAR_EN_BLOQUE,MEDIO_ALTO,En Mongo pero sin equivalente normalizado en SQL.
PERMISO,inventarios_inventarios_ver,False,,,,,,,True,dbo.RBAC_Permisos,3dc1e9de-5b8d-4cb0-979e-ebeac12fbb34,inventarios.ver,Inventarios,,,SQL_EVOLUCIONADO_NO_EXISTIA_EN_MONGO,SIN_ACCION,BAJO,En SQL pero no en Mongo (evolución de SQL).
PERMISO,notificaciones_notificaciones_configurar,True,edarsa_hub.rbac_permisos,69e42eedfb75b19aabd0accd,NOTIFICACIONES_CONFIGURAR,notificaciones,,,False,,,,,,,POSIBLE_FALTANTE_SQL,REVISION_MANUAL_NO_MIGRAR_EN_BLOQUE,MEDIO_ALTO,En Mongo pero sin equivalente normalizado en SQL.
PERMISO,notificaciones_notificaciones_enviar,True,edarsa_hub.rbac_permisos,69e42eedfb75b19aabd0accc,NOTIFICACIONES_ENVIAR,notificaciones,,,False,,,,,,,POSIBLE_FALTANTE_SQL,REVISION_MANUAL_NO_MIGRAR_EN_BLOQUE,MEDIO_ALTO,En Mongo pero sin equivalente normalizado en SQL.
PERMISO,notificaciones_notificaciones_ver,True,edarsa_hub.rbac_permisos,69e42eedfb75b19aabd0accb,NOTIFICACIONES_VER,notificaciones,,,False,,,,,,,POSIBLE_FALTANTE_SQL,REVISION_MANUAL_NO_MIGRAR_EN_BLOQUE,MEDIO_ALTO,En Mongo pero sin equivalente normalizado en SQL.
PERMISO,operativo_operativo_sla_configurar,True,edarsa_hub.sec_permisos_catalogo,69e70939d92aa50ec386f8f1,OPERATIVO_SLA_CONFIGURAR,operativo,,,False,,,,,,,POSIBLE_FALTANTE_SQL,REVISION_MANUAL_NO_MIGRAR_EN_BLOQUE,MEDIO_ALTO,En Mongo pero sin equivalente normalizado en SQL.
PERMISO,operativo_operativo_sla_ver,True,edarsa_hub.sec_permisos_catalogo,69e70939d92aa50ec386f8f0,OPERATIVO_SLA_VER,operativo,,,False,,,,,,,POSIBLE_FALTANTE_SQL,REVISION_MANUAL_NO_MIGRAR_EN_BLOQUE,MEDIO_ALTO,En Mongo pero sin equivalente normalizado en SQL.
PERMISO,operativo_operativo_tareas_asignar,True,edarsa_hub.sec_permisos_catalogo,69e70939d92aa50ec386f8eb,OPERATIVO_TAREAS_ASIGNAR,operativo,,,False,,,,,,,POSIBLE_FALTANTE_SQL,REVISION_MANUAL_NO_MIGRAR_EN_BLOQUE,MEDIO_ALTO,En Mongo pero sin equivalente normalizado en SQL.
PERMISO,operativo_operativo_tareas_completar,True,edarsa_hub.sec_permisos_catalogo,69e70939d92aa50ec386f8ec,OPERATIVO_TAREAS_COMPLETAR,operativo,,,False,,,,,,,POSIBLE_FALTANTE_SQL,REVISION_MANUAL_NO_MIGRAR_EN_BLOQUE,MEDIO_ALTO,En Mongo pero sin equivalente normalizado en SQL.
PERMISO,operativo_operativo_tareas_crear,True,edarsa_hub.sec_permisos_catalogo,69e70939d92aa50ec386f8ea,OPERATIVO_TAREAS_CREAR,operativo,,,False,,,,,,,POSIBLE_FALTANTE_SQL,REVISION_MANUAL_NO_MIGRAR_EN_BLOQUE,MEDIO_ALTO,En Mongo pero sin equivalente normalizado en SQL.
PERMISO,operativo_operativo_tareas_ver,True,edarsa_hub.sec_permisos_catalogo,69e70939d92aa50ec386f8e9,OPERATIVO_TAREAS_VER,operativo,,,False,,,,,,,POSIBLE_FALTANTE_SQL,REVISION_MANUAL_NO_MIGRAR_EN_BLOQUE,MEDIO_ALTO,En Mongo pero sin equivalente normalizado en SQL.
PERMISO,operativo_operativo_workflow_cerrar,True,edarsa_hub.sec_permisos_catalogo,69e70939d92aa50ec386f8ef,OPERATIVO_WORKFLOW_CERRAR,operativo,,,False,,,,,,,POSIBLE_FALTANTE_SQL,REVISION_MANUAL_NO_MIGRAR_EN_BLOQUE,MEDIO_ALTO,En Mongo pero sin equivalente normalizado en SQL.
PERMISO,operativo_operativo_workflow_crear,True,edarsa_hub.sec_permisos_catalogo,69e70939d92aa50ec386f8ee,OPERATIVO_WORKFLOW_CREAR,operativo,,,False,,,,,,,POSIBLE_FALTANTE_SQL,REVISION_MANUAL_NO_MIGRAR_EN_BLOQUE,MEDIO_ALTO,En Mongo pero sin equivalente normalizado en SQL.
PERMISO,operativo_operativo_workflow_ver,True,edarsa_hub.sec_permisos_catalogo,69e70939d92aa50ec386f8ed,OPERATIVO_WORKFLOW_VER,operativo,,,False,,,,,,,POSIBLE_FALTANTE_SQL,REVISION_MANUAL_NO_MIGRAR_EN_BLOQUE,MEDIO_ALTO,En Mongo pero sin equivalente normalizado en SQL.
PERMISO,operativo_tareas_asignar,True,edarsa_hub.rbac_permisos,69e42eedfb75b19aabd0acc9,TAREAS_ASIGNAR,operativo,,,False,,,,,,,POSIBLE_FALTANTE_SQL,REVISION_MANUAL_NO_MIGRAR_EN_BLOQUE,MEDIO_ALTO,En Mongo pero sin equivalente normalizado en SQL.
PERMISO,operativo_tareas_completar,True,edarsa_hub.rbac_permisos,69e42eedfb75b19aabd0acca,TAREAS_COMPLETAR,operativo,,,False,,,,,,,POSIBLE_FALTANTE_SQL,REVISION_MANUAL_NO_MIGRAR_EN_BLOQUE,MEDIO_ALTO,En Mongo pero sin equivalente normalizado en SQL.
PERMISO,operativo_tareas_crear,True,edarsa_hub.rbac_permisos,69e42eedfb75b19aabd0acc8,TAREAS_CREAR,operativo,,,False,,,,,,,POSIBLE_FALTANTE_SQL,REVISION_MANUAL_NO_MIGRAR_EN_BLOQUE,MEDIO_ALTO,En Mongo pero sin equivalente normalizado en SQL.
PERMISO,operativo_tareas_ver,True,edarsa_hub.rbac_permisos,69e42eedfb75b19aabd0acc7,TAREAS_VER,operativo,,,False,,,,,,,POSIBLE_FALTANTE_SQL,REVISION_MANUAL_NO_MIGRAR_EN_BLOQUE,MEDIO_ALTO,En Mongo pero sin equivalente normalizado en SQL.
PERMISO,rbac_rbac_empresa_ver,False,,,,,,,True,dbo.RBAC_Permisos,45ceb726-a24f-4d50-99a3-5958ced685a3,rbac.empresa.ver,RBAC,,,SQL_EVOLUCIONADO_NO_EXISTIA_EN_MONGO,SIN_ACCION,BAJO,En SQL pero no en Mongo (evolución de SQL).
PERMISO,rbac_rbac_sucursal_ver,False,,,,,,,True,dbo.RBAC_Permisos,aa9e804f-14ab-4358-9d48-8059956815b2,rbac.sucursal.ver,RBAC,,,SQL_EVOLUCIONADO_NO_EXISTIA_EN_MONGO,SIN_ACCION,BAJO,En SQL pero no en Mongo (evolución de SQL).
PERMISO,rbac_rbac_unidad_ver,False,,,,,,,True,dbo.RBAC_Permisos,c93b05fe-8fcc-451d-a561-48e44a75d5f8,rbac.unidad.ver,RBAC,,,SQL_EVOLUCIONADO_NO_EXISTIA_EN_MONGO,SIN_ACCION,BAJO,En SQL pero no en Mongo (evolución de SQL).
PERMISO,reportes_reportes_exportar,True,edarsa_hub.rbac_permisos,69e42eedfb75b19aabd0acd5,REPORTES_EXPORTAR,reportes,,,False,,,,,,,POSIBLE_FALTANTE_SQL,REVISION_MANUAL_NO_MIGRAR_EN_BLOQUE,MEDIO_ALTO,En Mongo pero sin equivalente normalizado en SQL.
PERMISO,reportes_reportes_exportar_excel,True,edarsa_hub.sec_permisos_catalogo,69e7093ad92aa50ec386f90e,REPORTES_EXPORTAR_EXCEL,reportes,,,False,,,,,,,POSIBLE_FALTANTE_SQL,REVISION_MANUAL_NO_MIGRAR_EN_BLOQUE,MEDIO_ALTO,En Mongo pero sin equivalente normalizado en SQL.
PERMISO,reportes_reportes_exportar_pdf,True,edarsa_hub.sec_permisos_catalogo,69e7093ad92aa50ec386f90f,REPORTES_EXPORTAR_PDF,reportes,,,False,,,,,,,POSIBLE_FALTANTE_SQL,REVISION_MANUAL_NO_MIGRAR_EN_BLOQUE,MEDIO_ALTO,En Mongo pero sin equivalente normalizado en SQL.
PERMISO,reportes_reportes_ver,True,edarsa_hub.rbac_permisos,69e42eedfb75b19aabd0acd4,REPORTES_VER,reportes,,,False,,,,,,,POSIBLE_FALTANTE_SQL,REVISION_MANUAL_NO_MIGRAR_EN_BLOQUE,MEDIO_ALTO,En Mongo pero sin equivalente normalizado en SQL.
PERMISO,responsabilidad_responsabilidad_aprobar,True,edarsa_hub.rbac_permisos,69e42eedfb75b19aabd0acbc,RESPONSABILIDAD_APROBAR,responsabilidad,,,False,,,,,,,POSIBLE_FALTANTE_SQL,REVISION_MANUAL_NO_MIGRAR_EN_BLOQUE,MEDIO_ALTO,En Mongo pero sin equivalente normalizado en SQL.
PERMISO,responsabilidad_responsabilidad_calcular,True,edarsa_hub.rbac_permisos,69e42eedfb75b19aabd0acba,RESPONSABILIDAD_CALCULAR,responsabilidad,,,False,,,,,,,POSIBLE_FALTANTE_SQL,REVISION_MANUAL_NO_MIGRAR_EN_BLOQUE,MEDIO_ALTO,En Mongo pero sin equivalente normalizado en SQL.
PERMISO,responsabilidad_responsabilidad_disputar,True,edarsa_hub.rbac_permisos,69e42eedfb75b19aabd0acbf,RESPONSABILIDAD_DISPUTAR,responsabilidad,,,False,,,,,,,POSIBLE_FALTANTE_SQL,REVISION_MANUAL_NO_MIGRAR_EN_BLOQUE,MEDIO_ALTO,En Mongo pero sin equivalente normalizado en SQL.
PERMISO,responsabilidad_responsabilidad_exonerar,True,edarsa_hub.rbac_permisos,69e42eedfb75b19aabd0acbe,RESPONSABILIDAD_EXONERAR,responsabilidad,,,False,,,,,,,POSIBLE_FALTANTE_SQL,REVISION_MANUAL_NO_MIGRAR_EN_BLOQUE,MEDIO_ALTO,En Mongo pero sin equivalente normalizado en SQL.
PERMISO,responsabilidad_responsabilidad_gestionar,True,edarsa_hub.rbac_permisos,69e42eedfb75b19aabd0acc0,RESPONSABILIDAD_GESTIONAR,responsabilidad,,,False,,,,,,,POSIBLE_FALTANTE_SQL,REVISION_MANUAL_NO_MIGRAR_EN_BLOQUE,MEDIO_ALTO,En Mongo pero sin equivalente normalizado en SQL.
PERMISO,responsabilidad_responsabilidad_proponer,True,edarsa_hub.rbac_permisos,69e42eedfb75b19aabd0acbb,RESPONSABILIDAD_PROPONER,responsabilidad,,,False,,,,,,,POSIBLE_FALTANTE_SQL,REVISION_MANUAL_NO_MIGRAR_EN_BLOQUE,MEDIO_ALTO,En Mongo pero sin equivalente normalizado en SQL.
PERMISO,responsabilidad_responsabilidad_rechazar,True,edarsa_hub.rbac_permisos,69e42eedfb75b19aabd0acbd,RESPONSABILIDAD_RECHAZAR,responsabilidad,,,False,,,,,,,POSIBLE_FALTANTE_SQL,REVISION_MANUAL_NO_MIGRAR_EN_BLOQUE,MEDIO_ALTO,En Mongo pero sin equivalente normalizado en SQL.
PERMISO,responsabilidad_responsabilidad_ver,True,edarsa_hub.rbac_permisos,69e42eedfb75b19aabd0acb9,RESPONSABILIDAD_VER,responsabilidad,,,False,,,,,,,POSIBLE_FALTANTE_SQL,REVISION_MANUAL_NO_MIGRAR_EN_BLOQUE,MEDIO_ALTO,En Mongo pero sin equivalente normalizado en SQL.
PERMISO,rh_rh_catalogos_editar,True,edarsa_hub.sec_permisos_catalogo,69e70939d92aa50ec386f8e4,RH_CATALOGOS_EDITAR,rh,,,False,,,,,,,POSIBLE_FALTANTE_SQL,REVISION_MANUAL_NO_MIGRAR_EN_BLOQUE,MEDIO_ALTO,En Mongo pero sin equivalente normalizado en SQL.
PERMISO,rh_rh_catalogos_ver,True,edarsa_hub.sec_permisos_catalogo,69e70939d92aa50ec386f8e3,RH_CATALOGOS_VER,rh,,,False,,,,,,,POSIBLE_FALTANTE_SQL,REVISION_MANUAL_NO_MIGRAR_EN_BLOQUE,MEDIO_ALTO,En Mongo pero sin equivalente normalizado en SQL.
PERMISO,rh_rh_dashboard_ver,True,edarsa_hub.sec_permisos_catalogo,69e70939d92aa50ec386f8de,RH_DASHBOARD_VER,rh,,,False,,,,,,,POSIBLE_FALTANTE_SQL,REVISION_MANUAL_NO_MIGRAR_EN_BLOQUE,MEDIO_ALTO,En Mongo pero sin equivalente normalizado en SQL.
PERMISO,rh_rh_empleados_editar,True,edarsa_hub.sec_permisos_catalogo,69e70939d92aa50ec386f8e6,RH_EMPLEADOS_EDITAR,rh,,,False,,,,,,,POSIBLE_FALTANTE_SQL,REVISION_MANUAL_NO_MIGRAR_EN_BLOQUE,MEDIO_ALTO,En Mongo pero sin equivalente normalizado en SQL.
PERMISO,rh_rh_empleados_ver,True,edarsa_hub.sec_permisos_catalogo,69e70939d92aa50ec386f8e5,RH_EMPLEADOS_VER,rh,,,False,,,,,,,POSIBLE_FALTANTE_SQL,REVISION_MANUAL_NO_MIGRAR_EN_BLOQUE,MEDIO_ALTO,En Mongo pero sin equivalente normalizado en SQL.
PERMISO,rh_rh_nomina_aprobar,True,edarsa_hub.sec_permisos_catalogo,69e70939d92aa50ec386f8e1,RH_NOMINA_APROBAR,rh,,,False,,,,,,,POSIBLE_FALTANTE_SQL,REVISION_MANUAL_NO_MIGRAR_EN_BLOQUE,MEDIO_ALTO,En Mongo pero sin equivalente normalizado en SQL.
PERMISO,rh_rh_nomina_autorizar_dg,True,edarsa_hub.sec_permisos_catalogo,69e70939d92aa50ec386f8e2,RH_NOMINA_AUTORIZAR_DG,rh,,,False,,,,,,,POSIBLE_FALTANTE_SQL,REVISION_MANUAL_NO_MIGRAR_EN_BLOQUE,MEDIO_ALTO,En Mongo pero sin equivalente normalizado en SQL.
PERMISO,rh_rh_nomina_importar,True,edarsa_hub.sec_permisos_catalogo,69e70939d92aa50ec386f8e0,RH_NOMINA_IMPORTAR,rh,,,False,,,,,,,POSIBLE_FALTANTE_SQL,REVISION_MANUAL_NO_MIGRAR_EN_BLOQUE,MEDIO_ALTO,En Mongo pero sin equivalente normalizado en SQL.
PERMISO,rh_rh_nomina_ver,True,edarsa_hub.sec_permisos_catalogo,69e70939d92aa50ec386f8df,RH_NOMINA_VER,rh,,,False,,,,,,,POSIBLE_FALTANTE_SQL,REVISION_MANUAL_NO_MIGRAR_EN_BLOQUE,MEDIO_ALTO,En Mongo pero sin equivalente normalizado en SQL.
PERMISO,rh_rh_reclutamiento_gestionar,True,edarsa_hub.sec_permisos_catalogo,69e70939d92aa50ec386f8e8,RH_RECLUTAMIENTO_GESTIONAR,rh,,,False,,,,,,,POSIBLE_FALTANTE_SQL,REVISION_MANUAL_NO_MIGRAR_EN_BLOQUE,MEDIO_ALTO,En Mongo pero sin equivalente normalizado en SQL.
PERMISO,rh_rh_reclutamiento_ver,True,edarsa_hub.sec_permisos_catalogo,69e70939d92aa50ec386f8e7,RH_RECLUTAMIENTO_VER,rh,,,False,,,,,,,POSIBLE_FALTANTE_SQL,REVISION_MANUAL_NO_MIGRAR_EN_BLOQUE,MEDIO_ALTO,En Mongo pero sin equivalente normalizado en SQL.
PERMISO,scheduler_scheduler_admin,True,edarsa_hub.rbac_permisos,69e42eedfb75b19aabd0acd0,SCHEDULER_ADMIN,scheduler,,,False,,,,,,,POSIBLE_FALTANTE_SQL,REVISION_MANUAL_NO_MIGRAR_EN_BLOQUE,MEDIO_ALTO,En Mongo pero sin equivalente normalizado en SQL.
PERMISO,scheduler_scheduler_gestionar,True,edarsa_hub.rbac_permisos,69e42eedfb75b19aabd0accf,SCHEDULER_GESTIONAR,scheduler,,,False,,,,,,,POSIBLE_FALTANTE_SQL,REVISION_MANUAL_NO_MIGRAR_EN_BLOQUE,MEDIO_ALTO,En Mongo pero sin equivalente normalizado en SQL.
PERMISO,scheduler_scheduler_ver,True,edarsa_hub.rbac_permisos,69e42eedfb75b19aabd0acce,SCHEDULER_VER,scheduler,,,False,,,,,,,POSIBLE_FALTANTE_SQL,REVISION_MANUAL_NO_MIGRAR_EN_BLOQUE,MEDIO_ALTO,En Mongo pero sin equivalente normalizado en SQL.
PERMISO,sistema_sistema_alertas_crear,True,edarsa_hub.sec_permisos_catalogo,69e70939d92aa50ec386f8ff,SISTEMA_ALERTAS_CREAR,sistema,,,False,,,,,,,POSIBLE_FALTANTE_SQL,REVISION_MANUAL_NO_MIGRAR_EN_BLOQUE,MEDIO_ALTO,En Mongo pero sin equivalente normalizado en SQL.
PERMISO,sistema_sistema_alertas_editar,True,edarsa_hub.sec_permisos_catalogo,69e70939d92aa50ec386f900,SISTEMA_ALERTAS_EDITAR,sistema,,,False,,,,,,,POSIBLE_FALTANTE_SQL,REVISION_MANUAL_NO_MIGRAR_EN_BLOQUE,MEDIO_ALTO,En Mongo pero sin equivalente normalizado en SQL.
PERMISO,sistema_sistema_alertas_eliminar,True,edarsa_hub.sec_permisos_catalogo,69e70939d92aa50ec386f901,SISTEMA_ALERTAS_ELIMINAR,sistema,,,False,,,,,,,POSIBLE_FALTANTE_SQL,REVISION_MANUAL_NO_MIGRAR_EN_BLOQUE,MEDIO_ALTO,En Mongo pero sin equivalente normalizado en SQL.
PERMISO,sistema_sistema_alertas_ver,True,edarsa_hub.sec_permisos_catalogo,69e70939d92aa50ec386f8fe,SISTEMA_ALERTAS_VER,sistema,,,False,,,,,,,POSIBLE_FALTANTE_SQL,REVISION_MANUAL_NO_MIGRAR_EN_BLOQUE,MEDIO_ALTO,En Mongo pero sin equivalente normalizado en SQL.
PERMISO,sistema_sistema_auditoria_ver,True,edarsa_hub.sec_permisos_catalogo,69e70939d92aa50ec386f906,SISTEMA_AUDITORIA_VER,sistema,,,False,,,,,,,POSIBLE_FALTANTE_SQL,REVISION_MANUAL_NO_MIGRAR_EN_BLOQUE,MEDIO_ALTO,En Mongo pero sin equivalente normalizado en SQL.
PERMISO,sistema_sistema_catalogo_sql_ejecutar,True,edarsa_hub.sec_permisos_catalogo,69e70939d92aa50ec386f903,SISTEMA_CATALOGO_SQL_EJECUTAR,sistema,,,False,,,,,,,POSIBLE_FALTANTE_SQL,REVISION_MANUAL_NO_MIGRAR_EN_BLOQUE,MEDIO_ALTO,En Mongo pero sin equivalente normalizado en SQL.
PERMISO,sistema_sistema_catalogo_sql_ver,True,edarsa_hub.sec_permisos_catalogo,69e70939d92aa50ec386f902,SISTEMA_CATALOGO_SQL_VER,sistema,,,False,,,,,,,POSIBLE_FALTANTE_SQL,REVISION_MANUAL_NO_MIGRAR_EN_BLOQUE,MEDIO_ALTO,En Mongo pero sin equivalente normalizado en SQL.
PERMISO,sistema_sistema_estructura_ver,True,edarsa_hub.sec_permisos_catalogo,69e71b3e7455b390893d88b3,SISTEMA_ESTRUCTURA_VER,sistema,,,False,,,,,,,POSIBLE_FALTANTE_SQL,REVISION_MANUAL_NO_MIGRAR_EN_BLOQUE,MEDIO_ALTO,En Mongo pero sin equivalente normalizado en SQL.
PERMISO,sistema_sistema_explorador_bd_ejecutar,True,edarsa_hub.sec_permisos_catalogo,69e70939d92aa50ec386f905,SISTEMA_EXPLORADOR_BD_EJECUTAR,sistema,,,False,,,,,,,POSIBLE_FALTANTE_SQL,REVISION_MANUAL_NO_MIGRAR_EN_BLOQUE,MEDIO_ALTO,En Mongo pero sin equivalente normalizado en SQL.
PERMISO,sistema_sistema_explorador_bd_ver,True,edarsa_hub.sec_permisos_catalogo,69e70939d92aa50ec386f904,SISTEMA_EXPLORADOR_BD_VER,sistema,,,False,,,,,,,POSIBLE_FALTANTE_SQL,REVISION_MANUAL_NO_MIGRAR_EN_BLOQUE,MEDIO_ALTO,En Mongo pero sin equivalente normalizado en SQL.
PERMISO,sistema_sistema_roles_crear,True,edarsa_hub.sec_permisos_catalogo,69e70939d92aa50ec386f8f7,SISTEMA_ROLES_CREAR,sistema,,,False,,,,,,,POSIBLE_FALTANTE_SQL,REVISION_MANUAL_NO_MIGRAR_EN_BLOQUE,MEDIO_ALTO,En Mongo pero sin equivalente normalizado en SQL.
PERMISO,sistema_sistema_roles_editar,True,edarsa_hub.sec_permisos_catalogo,69e70939d92aa50ec386f8f8,SISTEMA_ROLES_EDITAR,sistema,,,False,,,,,,,POSIBLE_FALTANTE_SQL,REVISION_MANUAL_NO_MIGRAR_EN_BLOQUE,MEDIO_ALTO,En Mongo pero sin equivalente normalizado en SQL.
PERMISO,sistema_sistema_roles_eliminar,True,edarsa_hub.sec_permisos_catalogo,69e70939d92aa50ec386f8f9,SISTEMA_ROLES_ELIMINAR,sistema,,,False,,,,,,,POSIBLE_FALTANTE_SQL,REVISION_MANUAL_NO_MIGRAR_EN_BLOQUE,MEDIO_ALTO,En Mongo pero sin equivalente normalizado en SQL.
PERMISO,sistema_sistema_roles_ver,True,edarsa_hub.sec_permisos_catalogo,69e70939d92aa50ec386f8f6,SISTEMA_ROLES_VER,sistema,,,False,,,,,,,POSIBLE_FALTANTE_SQL,REVISION_MANUAL_NO_MIGRAR_EN_BLOQUE,MEDIO_ALTO,En Mongo pero sin equivalente normalizado en SQL.
PERMISO,sistema_sistema_servidores_crear,True,edarsa_hub.sec_permisos_catalogo,69e70939d92aa50ec386f8fb,SISTEMA_SERVIDORES_CREAR,sistema,,,False,,,,,,,POSIBLE_FALTANTE_SQL,REVISION_MANUAL_NO_MIGRAR_EN_BLOQUE,MEDIO_ALTO,En Mongo pero sin equivalente normalizado en SQL.
PERMISO,sistema_sistema_servidores_editar,True,edarsa_hub.sec_permisos_catalogo,69e70939d92aa50ec386f8fc,SISTEMA_SERVIDORES_EDITAR,sistema,,,False,,,,,,,POSIBLE_FALTANTE_SQL,REVISION_MANUAL_NO_MIGRAR_EN_BLOQUE,MEDIO_ALTO,En Mongo pero sin equivalente normalizado en SQL.
PERMISO,sistema_sistema_servidores_eliminar,True,edarsa_hub.sec_permisos_catalogo,69e70939d92aa50ec386f8fd,SISTEMA_SERVIDORES_ELIMINAR,sistema,,,False,,,,,,,POSIBLE_FALTANTE_SQL,REVISION_MANUAL_NO_MIGRAR_EN_BLOQUE,MEDIO_ALTO,En Mongo pero sin equivalente normalizado en SQL.
PERMISO,sistema_sistema_servidores_ver,True,edarsa_hub.sec_permisos_catalogo,69e70939d92aa50ec386f8fa,SISTEMA_SERVIDORES_VER,sistema,,,False,,,,,,,POSIBLE_FALTANTE_SQL,REVISION_MANUAL_NO_MIGRAR_EN_BLOQUE,MEDIO_ALTO,En Mongo pero sin equivalente normalizado en SQL.
PERMISO,sistema_sistema_sesiones_cerrar,True,edarsa_hub.sec_permisos_catalogo,69e70939d92aa50ec386f908,SISTEMA_SESIONES_CERRAR,sistema,,,False,,,,,,,POSIBLE_FALTANTE_SQL,REVISION_MANUAL_NO_MIGRAR_EN_BLOQUE,MEDIO_ALTO,En Mongo pero sin equivalente normalizado en SQL.
PERMISO,sistema_sistema_sesiones_ver,True,edarsa_hub.sec_permisos_catalogo,69e70939d92aa50ec386f907,SISTEMA_SESIONES_VER,sistema,,,False,,,,,,,POSIBLE_FALTANTE_SQL,REVISION_MANUAL_NO_MIGRAR_EN_BLOQUE,MEDIO_ALTO,En Mongo pero sin equivalente normalizado en SQL.
PERMISO,sistema_sistema_usuarios_crear,True,edarsa_hub.sec_permisos_catalogo,69e70939d92aa50ec386f8f3,SISTEMA_USUARIOS_CREAR,sistema,,,False,,,,,,,POSIBLE_FALTANTE_SQL,REVISION_MANUAL_NO_MIGRAR_EN_BLOQUE,MEDIO_ALTO,En Mongo pero sin equivalente normalizado en SQL.
PERMISO,sistema_sistema_usuarios_editar,True,edarsa_hub.sec_permisos_catalogo,69e70939d92aa50ec386f8f4,SISTEMA_USUARIOS_EDITAR,sistema,,,False,,,,,,,POSIBLE_FALTANTE_SQL,REVISION_MANUAL_NO_MIGRAR_EN_BLOQUE,MEDIO_ALTO,En Mongo pero sin equivalente normalizado en SQL.
PERMISO,sistema_sistema_usuarios_eliminar,True,edarsa_hub.sec_permisos_catalogo,69e70939d92aa50ec386f8f5,SISTEMA_USUARIOS_ELIMINAR,sistema,,,False,,,,,,,POSIBLE_FALTANTE_SQL,REVISION_MANUAL_NO_MIGRAR_EN_BLOQUE,MEDIO_ALTO,En Mongo pero sin equivalente normalizado en SQL.
PERMISO,sistema_sistema_usuarios_ver,True,edarsa_hub.sec_permisos_catalogo,69e70939d92aa50ec386f8f2,SISTEMA_USUARIOS_VER,sistema,,,False,,,,,,,POSIBLE_FALTANTE_SQL,REVISION_MANUAL_NO_MIGRAR_EN_BLOQUE,MEDIO_ALTO,En Mongo pero sin equivalente normalizado en SQL.
PERMISO,sla_sla_configurar,True,edarsa_hub.rbac_permisos,69e42eedfb75b19aabd0acc2,SLA_CONFIGURAR,sla,,,False,,,,,,,POSIBLE_FALTANTE_SQL,REVISION_MANUAL_NO_MIGRAR_EN_BLOQUE,MEDIO_ALTO,En Mongo pero sin equivalente normalizado en SQL.
PERMISO,sla_sla_ver,True,edarsa_hub.rbac_permisos,69e42eedfb75b19aabd0acc1,SLA_VER,sla,,,False,,,,,,,POSIBLE_FALTANTE_SQL,REVISION_MANUAL_NO_MIGRAR_EN_BLOQUE,MEDIO_ALTO,En Mongo pero sin equivalente normalizado en SQL.
PERMISO,workflow_workflow_cerrar,True,edarsa_hub.rbac_permisos,69e42eedfb75b19aabd0acc6,WORKFLOW_CERRAR,workflow,,,False,,,,,,,POSIBLE_FALTANTE_SQL,REVISION_MANUAL_NO_MIGRAR_EN_BLOQUE,MEDIO_ALTO,En Mongo pero sin equivalente normalizado en SQL.
PERMISO,workflow_workflow_crear,True,edarsa_hub.rbac_permisos,69e42eedfb75b19aabd0acc4,WORKFLOW_CREAR,workflow,,,False,,,,,,,POSIBLE_FALTANTE_SQL,REVISION_MANUAL_NO_MIGRAR_EN_BLOQUE,MEDIO_ALTO,En Mongo pero sin equivalente normalizado en SQL.
PERMISO,workflow_workflow_gestionar,True,edarsa_hub.rbac_permisos,69e42eedfb75b19aabd0acc5,WORKFLOW_GESTIONAR,workflow,,,False,,,,,,,POSIBLE_FALTANTE_SQL,REVISION_MANUAL_NO_MIGRAR_EN_BLOQUE,MEDIO_ALTO,En Mongo pero sin equivalente normalizado en SQL.
PERMISO,workflow_workflow_ver,True,edarsa_hub.rbac_permisos,69e42eedfb75b19aabd0acc3,WORKFLOW_VER,workflow,,,False,,,,,,,POSIBLE_FALTANTE_SQL,REVISION_MANUAL_NO_MIGRAR_EN_BLOQUE,MEDIO_ALTO,En Mongo pero sin equivalente normalizado en SQL.
